91
92
268
274
275
277
285
287
317
1272
1338
1438
1459
1460
1461
1462
1463
1465
1952
1953
1954
1955
1956
1957
1958
1959
1960
1961
1962
1063
1964
1965
2003
2287
2370
2371
2410
2452
2593
2604
2625
2635
2636
2676
2678
2687
2688
2690
2709
2736
2737
2766
2769
2774
2778
2801
2802
2814
2815
2846
2852
2875
3201
5015
5016
5017
5116
5285
5286
5297
5479
5480
5481
5482
5483
5492
5496
5571
5572
5573
5574
5575
5576
5577
5713
5714
5722
5745
5901
5960
5968
5975
5983
6366
6504
6505
6571
6653
6667
6710
6726
7345
7416
7452
7490
7572
8113
8114
8115
8116
8117
8118
8119
8120
8121
8122
8123
8124
8355
10551
10930
11086
11115
11133
11195
11276
11277
11419
11487
11488
11489
11496
11498
11501
11502
11503
11505
11506
11507
11518
11519
11520
11521
11534
11535
